0 0 0
255 58 0
255 61 0
255 63 0
255 65 0
255 66 0
255 69 0
255 72 0
255 75 0
255 77 0
255 80 0
255 82 0
255 84 0
255 85 0
255 88 0
255 91 0
255 94 0
255 97 0
255 100 0
255 101 0
255 103 0
255 105 0
255 107 0
255 110 0
255 113 0
255 116 0
255 119 0
255 120 0
255 121 0
255 124 0
255 127 0
255 130 0
255 132 0
255 135 0
255 137 0
255 139 0
255 140 0
255 143 0
255 146 0
255 149 0
255 152 0
255 155 0
255 156 0
255 158 0
255 160 0
255 162 0
255 165 0
255 168 0
255 171 0
255 174 0
255 177 0
255 180 0
255 182 0
255 183 0
255 185 0
255 187 0
255 190 0
255 193 0
255 196 0
255 199 0
255 201 0
255 202 0
255 204 0
255 207 0
255 210 0
255 213 0
255 215 0
255 218 0
255 220 0
255 221 0
255 223 0
255 226 0
255 229 0
254 232 0
254 235 0
253 237 0
252 239 0
251 240 0
248 243 0
246 245 1
243 248 2
241 251 5
238 253 7
237 255 9
235 255 10
234 255 12
232 255 14
229 255 17
227 255 19
224 255 22
222 255 24
220 255 26
219 255 27
217 255 28
215 255 31
212 255 33
210 255 36
207 255 38
205 255 41
204 255 42
202 255 43
201 255 45
198 255 48
196 255 50
193 255 53
191 255 55
189 255 57
187 255 59
186 255 60
184 255 62
181 255 65
179 255 67
176 255 70
174 255 72
171 255 75
169 255 77
166 255 79
165 255 81
164 255 82
162 255 84
159 255 86
157 255 89
154 255 91
152 255 94
150 255 96
149 255 97
147 255 98
145 255 101
143 255 103
140 255 106
138 255 108
135 255 111
133 255 112
132 255 114
131 255 115
128 255 117
126 255 120
123 255 122
121 255 125
118 255 127
117 255 129
116 255 130
114 255 132
111 255 134
109 255 137
106 255 139
104 255 142
102 255 144
100 255 145
99 255 147
97 255 149
95 255 151
92 255 154
90 255 156
87 255 159
85 255 161
84 255 162
83 255 163
80 255 165
78 255 168
75 255 170
73 255 173
70 255 175
69 255 177
67 255 178
66 255 180
64 255 182
61 255 185
59 255 187
56 255 190
54 255 192
51 255 195
49 255 197
47 255 199
45 255 200
44 255 202
42 255 204
39 255 207
37 255 209
34 255 212
32 255 214
30 255 216
29 255 217
27 255 218
25 255 221
22 255 223
20 253 226
17 251 228
15 248 231
14 246 232
12 245 233
11 243 235
8 240 238
6 237 240
3 233 243
1 230 245
0 228 247
0 226 249
0 225 250
0 222 251
0 219 253
0 216 255
0 213 255
0 210 255
0 207 255
0 206 255
0 204 255
0 201 255
0 198 255
0 195 255
0 192 255
0 189 255
0 187 255
0 185 255
0 183 255
0 180 255
0 177 255
0 174 255
0 171 255
0 168 255
0 166 255
0 165 255
0 162 255
0 159 255
0 156 255
0 153 255
0 150 255
0 147 255
0 146 255
0 144 255
0 142 255
0 139 255
0 135 255
0 132 255
0 129 255
0 126 255
0 123 255
0 120 255
0 118 255
0 117 255
0 115 255
0 111 255
0 108 255
0 105 255
0 102 255
0 100 255
0 98 255
0 96 255
0 94 255
0 91 255
0 88 255
0 84 255
0 81 255
0 79 255
0 78 255
0 76 255
