0 0 0
255 251 174
255 247 170
255 243 166
255 239 162
255 235 158
255 231 154
255 227 150
255 223 146
255 219 142
255 215 138
255 211 134
255 207 130
255 203 126
255 199 122
255 195 118
255 191 114
255 187 110
255 182 106
255 179 102
255 175 98
255 171 94
255 166 90
255 163 86
255 159 82
255 155 78
255 151 75
255 147 73
255 143 71
255 139 69
255 135 67
255 131 65
255 127 63
255 123 61
255 119 59
255 114 57
255 111 55
255 107 53
255 103 51
255 98 49
255 95 47
255 91 45
255 86 43
255 83 41
255 79 39
255 75 37
255 71 35
255 67 33
255 62 31
255 59 29
255 55 27
255 51 25
255 47 23
255 43 21
255 38 19
255 34 17
255 30 15
255 27 13
255 23 11
255 18 9
255 15 7
255 11 5
255 7 3
255 3 1
254 0 0
253 0 1
251 1 3
250 1 4
248 2 6
247 2 7
245 3 9
244 3 10
242 4 12
241 4 13
239 5 15
238 5 16
236 6 18
235 6 19
233 7 21
232 7 22
230 8 24
229 8 25
227 9 27
226 9 28
224 10 30
223 10 31
221 11 33
220 11 34
218 12 36
217 12 37
215 13 39
214 13 40
212 14 42
211 14 43
209 15 45
208 15 46
206 16 48
205 16 49
203 17 51
202 17 52
200 18 54
199 18 55
197 19 57
196 19 58
194 20 60
193 20 61
191 21 63
190 21 64
188 22 66
187 22 67
185 23 69
184 23 70
182 24 72
181 24 73
179 25 75
178 25 76
180 25 78
181 25 79
183 25 81
184 25 82
186 25 84
187 25 85
189 25 87
190 25 88
192 25 90
193 25 91
195 25 93
196 25 94
198 25 96
199 25 97
201 25 99
202 25 100
204 25 102
205 25 103
207 25 105
208 25 106
210 25 108
211 25 109
213 25 111
214 25 112
216 25 114
217 25 115
219 25 117
220 25 118
222 25 120
223 25 121
225 25 123
226 25 124
228 25 126
229 25 127
231 25 129
232 25 130
234 25 132
235 25 133
237 25 135
238 25 136
240 25 138
241 25 139
243 25 141
244 25 142
246 25 144
247 25 145
249 25 147
250 25 148
252 25 150
253 25 151
254 25 152
250 24 151
247 24 149
243 23 148
240 23 146
236 22 145
233 22 143
229 21 142
226 21 140
222 20 139
219 20 137
215 19 136
212 19 134
208 18 133
205 18 131
201 17 130
198 17 128
194 16 127
191 16 125
187 15 124
184 15 122
180 14 121
177 14 119
173 13 118
170 13 116
166 12 115
163 12 113
159 11 112
156 11 110
152 10 109
149 10 107
145 9 106
142 9 104
138 8 103
135 8 101
131 7 100
128 7 98
124 6 97
121 6 95
117 5 94
114 5 92
110 4 91
107 4 89
103 3 88
100 3 86
96 2 85
93 2 83
89 1 82
86 1 80
82 0 79
79 0 77
76 0 77
77 0 81
77 1 85
78 2 89
79 2 93
80 3 97
80 4 101
81 4 105
81 5 109
82 6 113
83 6 117
83 7 121
84 8 125
85 8 129
86 9 133
86 10 137
87 10 141
88 11 145
88 12 149
89 12 153
90 13 157
90 14 161
91 14 165
92 15 169
92 16 173
93 16 177
94 17 181
94 18 185
95 18 189
96 19 193
96 20 197
97 20 201
98 21 205
98 22 209
99 22 213
100 23 217
100 24 221
101 24 225
102 25 229
