0 0 0
0 51 119
0 51 111
0 51 103
0 51 95
0 51 87
0 51 79
0 51 71
0 51 63
0 51 55
0 51 47
0 51 39
0 51 31
0 52 26
0 56 32
0 60 37
0 64 42
0 68 48
0 72 53
0 76 58
0 80 64
0 84 69
0 88 74
0 92 80
0 96 85
0 100 90
0 104 96
0 108 101
0 112 106
0 116 112
0 120 117
0 124 122
0 127 126
2 126 121
4 125 116
6 124 111
8 123 106
10 122 101
12 121 96
14 120 91
16 119 86
18 118 81
20 117 76
22 116 71
24 115 66
26 114 61
28 113 56
30 112 51
32 111 46
34 110 41
36 109 36
38 108 31
40 107 26
42 106 21
44 105 16
46 104 11
48 103 6
50 102 1
49 105 0
47 111 0
45 117 0
43 123 0
41 129 0
39 135 0
37 141 0
35 147 0
33 153 0
31 159 0
29 165 0
27 171 0
25 177 0
23 183 0
21 189 0
19 195 0
17 201 0
15 207 0
13 213 0
11 219 0
9 225 0
7 231 0
5 237 0
3 243 0
1 249 0
1 254 0
10 253 0
19 252 0
28 251 0
37 250 0
46 249 0
55 248 0
64 247 0
73 246 0
82 245 0
91 244 0
100 243 0
109 242 0
118 241 0
127 240 0
136 239 0
145 238 0
154 237 0
163 236 0
172 235 0
181 234 0
190 233 0
199 232 0
208 231 0
217 230 0
226 229 0
230 230 5
231 231 15
233 233 24
234 234 33
235 235 43
236 236 52
238 238 61
239 239 71
241 241 80
242 242 89
243 243 99
245 245 108
246 246 117
247 247 127
249 249 136
250 250 145
251 251 155
253 253 164
254 254 173
255 251 174
255 243 166
255 235 158
255 227 150
255 219 142
255 211 134
255 203 126
255 195 118
255 187 110
255 179 102
255 171 94
255 163 86
255 155 78
255 147 73
255 139 69
255 131 65
255 122 61
255 114 57
255 106 53
255 98 49
255 91 45
255 83 41
255 75 37
255 67 33
255 58 29
255 51 25
255 43 21
255 34 17
255 27 13
255 18 9
255 10 5
255 3 1
253 0 1
250 1 4
247 2 7
244 3 10
241 4 13
238 5 16
235 6 19
232 7 22
229 8 25
226 9 28
223 10 31
220 11 34
217 12 37
214 13 40
211 14 43
208 15 46
205 16 49
202 17 52
199 18 55
196 19 58
193 20 61
190 21 64
187 22 67
184 23 70
181 24 73
178 25 76
181 25 79
184 25 82
187 25 85
190 25 88
193 25 91
196 25 94
199 25 97
202 25 100
205 25 103
208 25 106
211 25 109
214 25 112
217 25 115
220 25 118
223 25 121
226 25 124
229 25 127
232 25 130
235 25 133
238 25 136
241 25 139
244 25 142
247 25 145
250 25 148
253 25 151
250 24 151
243 23 148
236 22 145
229 21 142
222 20 139
215 19 136
208 18 133
201 17 130
194 16 127
187 15 124
180 14 121
173 13 118
166 12 115
159 11 112
152 10 109
145 9 106
138 8 103
131 7 100
124 6 97
117 5 94
110 4 91
103 3 88
96 2 85
89 1 82
82 0 79
76 0 77
77 1 85
79 2 93
80 4 101
81 5 109
83 6 117
84 8 125
86 9 133
87 10 141
88 12 149
90 13 157
91 14 165
92 16 173
94 17 181
95 18 189
96 20 197
98 21 205
99 22 213
100 24 221
102 25 229
