0 0 0
254 254 171
253 253 164
252 252 157
251 251 150
250 250 143
249 249 136
248 248 129
247 247 122
246 246 115
245 245 108
244 244 101
243 243 94
242 242 87
241 241 80
240 240 73
239 239 66
238 238 59
237 237 52
236 236 45
235 235 38
234 234 31
233 233 24
232 232 17
231 231 10
230 230 3
226 229 1
220 230 5
214 231 8
208 231 11
202 232 15
196 233 18
190 233 21
184 234 24
178 235 28
172 235 31
166 236 35
160 237 38
154 237 41
148 238 45
142 239 48
136 239 51
130 240 55
124 241 58
118 241 61
112 242 64
106 243 68
100 243 71
94 244 75
88 245 78
82 245 81
76 246 85
70 247 88
64 247 91
58 248 95
52 249 98
46 249 101
40 250 104
34 251 108
28 251 111
22 252 115
16 253 118
10 253 121
4 254 125
0 254 0
1 251 0
2 248 0
3 245 0
4 242 0
5 239 0
6 236 0
7 233 0
8 230 0
9 227 0
10 224 0
11 221 0
12 218 0
13 215 0
14 212 0
15 209 0
16 206 0
17 203 0
18 200 0
19 197 0
20 194 0
21 191 0
22 188 0
23 185 0
24 182 0
25 179 0
26 176 0
27 173 0
28 170 0
29 167 0
30 164 0
31 161 0
32 158 0
33 155 0
34 152 0
35 149 0
36 146 0
37 143 0
38 140 0
39 137 0
40 134 0
41 131 0
42 128 0
43 125 0
44 122 0
45 119 0
46 116 0
47 113 0
48 110 0
49 107 0
50 104 0
50 102 0
49 102 3
48 103 5
47 103 8
46 104 10
45 104 13
44 105 15
43 105 18
42 106 20
41 106 23
40 107 25
39 107 28
38 108 30
37 108 33
36 109 35
35 109 38
34 110 40
33 110 43
32 111 45
31 111 48
30 112 50
29 112 53
28 113 55
27 113 58
26 114 60
25 114 63
24 115 65
23 115 68
22 116 70
21 116 73
20 117 75
19 117 78
18 118 80
17 118 83
16 119 85
15 119 88
14 120 90
13 120 93
12 121 95
11 121 98
10 122 100
9 122 103
8 123 105
7 123 108
6 124 110
5 124 113
4 125 115
3 125 118
2 126 120
1 126 123
0 127 125
0 127 127
0 125 125
0 124 123
0 122 121
0 121 119
0 119 117
0 118 115
0 116 113
0 115 111
0 113 109
0 112 107
0 110 105
0 109 103
0 107 101
0 106 99
0 104 97
0 103 95
0 101 93
0 100 90
0 98 89
0 97 87
0 95 85
0 94 82
0 92 81
0 91 79
0 89 77
0 88 75
0 86 73
0 85 71
0 83 69
0 82 67
0 80 65
0 79 63
0 77 60
0 76 59
0 74 56
0 73 54
0 71 52
0 70 50
0 68 48
0 67 47
0 65 44
0 64 42
0 62 40
0 61 38
0 59 36
0 58 35
0 56 32
0 55 31
0 53 28
0 52 26
0 51 26
0 51 28
0 51 31
0 51 34
0 51 36
0 51 39
0 51 42
0 51 44
0 51 47
0 51 50
0 51 52
0 51 55
0 51 58
0 51 60
0 51 63
0 51 66
0 51 68
0 51 71
0 51 74
0 51 76
0 51 79
0 51 82
0 51 84
0 51 87
0 51 90
0 51 92
0 51 95
0 51 98
0 51 100
0 51 103
0 51 106
0 51 108
0 51 111
0 51 114
0 51 116
0 51 119
0 51 122
0 51 124
0 51 127
