0 0 0
255 255 255
253 251 249
252 249 246
251 247 244
251 245 241
250 243 238
249 241 236
248 239 233
247 237 230
247 235 228
246 233 225
245 231 222
244 229 220
243 227 217
243 225 214
242 223 212
241 221 209
240 219 206
239 217 204
239 215 201
238 213 198
237 211 196
236 209 193
235 207 190
235 205 188
234 203 185
233 201 182
232 199 179
231 197 177
231 195 174
230 193 171
229 191 169
228 189 166
227 187 163
227 185 161
226 183 158
225 181 155
224 179 153
223 177 150
223 175 147
222 173 145
221 171 142
220 169 139
219 167 137
219 165 134
218 163 131
217 161 129
216 159 126
215 157 123
215 155 121
214 153 118
213 151 115
212 149 112
211 147 110
211 145 107
210 143 104
209 141 102
208 139 99
207 137 96
207 135 94
206 133 91
205 131 88
204 129 86
204 128 84
205 130 85
205 131 86
206 134 87
207 136 88
208 138 89
209 140 90
209 142 91
210 144 93
211 146 94
212 147 95
213 150 96
213 152 97
214 154 98
215 156 99
216 158 100
217 160 101
217 162 102
218 163 103
219 166 104
220 168 106
221 170 107
221 172 108
222 174 109
223 176 110
224 178 111
225 179 112
225 182 113
226 184 114
227 186 115
228 188 116
229 190 117
229 192 118
230 194 120
231 195 121
232 198 122
233 200 123
233 202 124
234 204 125
235 206 126
236 208 127
237 210 128
237 211 129
238 214 130
239 216 131
240 218 133
241 220 134
241 222 135
242 224 136
243 226 137
244 227 138
245 230 139
245 232 140
246 234 141
247 236 142
248 238 143
249 240 144
249 242 145
250 243 147
251 246 148
252 248 149
253 250 150
253 252 151
254 254 152
253 254 152
249 253 151
245 253 151
241 252 150
237 251 149
233 250 148
229 249 147
225 249 147
221 248 146
217 247 145
213 246 144
209 245 143
205 245 143
201 244 142
197 243 141
193 242 140
189 241 139
185 241 139
180 240 138
177 239 137
173 238 136
169 237 135
164 237 135
161 236 134
157 235 133
153 234 132
148 233 131
145 233 131
141 232 130
137 231 129
132 230 128
129 229 127
125 229 127
121 228 126
117 227 125
113 226 124
109 225 123
105 225 123
101 224 122
97 223 121
93 222 120
89 221 119
85 221 119
81 220 118
77 219 117
73 218 116
69 217 115
65 217 115
61 216 114
56 215 113
53 214 112
48 213 111
45 213 111
40 212 110
37 211 109
32 210 108
29 209 107
24 209 107
21 208 106
16 207 105
13 206 104
8 205 103
5 205 103
0 204 102
0 202 106
0 200 112
0 198 118
0 196 124
0 194 130
0 192 136
0 190 142
0 188 148
0 186 154
0 184 160
0 182 166
0 180 172
0 178 178
0 176 184
0 174 190
0 172 196
0 170 202
0 168 208
0 166 214
0 164 220
0 162 226
0 160 232
0 158 238
0 156 244
0 154 250
0 152 254
1 149 251
3 147 249
4 144 246
5 141 243
7 139 241
8 136 238
9 133 235
11 131 233
12 128 230
13 125 227
14 123 225
16 120 222
17 117 219
19 114 217
20 112 214
21 109 211
23 106 209
24 104 206
25 101 203
27 98 201
28 96 198
29 93 195
31 91 193
32 88 190
33 85 187
35 83 185
36 80 182
37 77 179
39 75 177
40 72 174
41 69 171
43 67 169
44 64 166
45 61 163
47 59 161
48 56 158
49 53 155
51 51 153
