0 0 0
82 98 106
89 94 111
95 91 116
101 87 121
108 83 126
114 80 131
121 76 136
127 72 141
133 69 146
140 65 151
146 62 156
152 58 160
159 54 165
165 51 170
171 47 175
178 43 180
184 40 185
191 36 190
197 32 195
203 29 200
210 25 205
216 22 210
222 18 214
229 14 219
235 11 224
241 7 229
248 3 234
254 0 239
250 0 240
244 0 240
239 0 240
234 1 240
228 1 241
223 1 241
218 2 241
213 2 242
207 2 242
202 3 242
197 3 243
192 3 243
186 4 243
181 4 244
176 4 244
171 5 244
165 5 245
160 5 245
155 5 245
150 6 246
144 6 246
139 6 246
134 7 246
128 7 247
123 7 247
118 8 247
113 8 248
107 8 248
102 9 248
97 9 249
92 9 249
86 10 249
81 10 250
76 10 250
71 11 250
65 11 251
60 11 251
55 11 251
49 12 252
44 12 252
39 12 252
34 13 252
28 13 253
23 13 253
18 14 253
13 14 254
7 14 254
2 15 254
0 18 255
0 24 255
0 30 255
0 37 255
0 43 255
0 49 255
0 56 255
0 62 255
0 68 255
0 74 255
0 81 255
0 87 255
0 93 255
0 99 255
0 106 255
0 112 255
0 118 255
0 124 255
0 131 255
0 137 255
0 143 255
0 150 255
0 156 255
0 162 255
0 168 255
0 175 255
0 181 255
0 187 255
0 193 255
0 200 255
0 206 255
0 212 255
0 218 255
0 225 255
0 231 255
0 237 255
0 244 255
0 250 255
0 255 253
0 255 245
0 255 237
0 255 229
0 255 222
1 255 214
1 255 206
1 255 199
1 255 191
2 255 183
2 255 176
2 255 168
2 255 160
3 255 153
3 255 145
3 255 137
3 255 129
3 255 122
4 255 114
4 255 106
4 255 99
4 255 91
5 255 83
5 255 76
5 255 68
5 255 60
6 255 53
6 255 45
6 255 37
6 255 29
6 255 22
7 255 14
7 255 6
8 254 0
15 254 0
22 254 0
29 253 0
36 253 0
42 252 0
49 252 0
56 251 0
63 251 0
70 251 0
77 250 0
84 250 0
91 249 0
98 249 0
105 248 0
112 248 0
119 248 0
126 247 0
133 247 0
139 246 0
146 246 0
153 245 0
160 245 0
167 245 0
174 244 0
181 244 0
188 243 0
195 243 0
202 242 0
209 242 0
216 242 0
223 241 0
230 241 0
236 240 0
243 240 0
250 239 0
255 237 0
255 230 0
255 224 0
255 218 0
255 212 0
255 205 0
255 199 0
255 193 0
255 187 0
255 180 0
255 174 0
255 168 0
255 161 0
255 155 0
255 149 0
255 143 0
255 136 0
255 130 0
255 124 0
255 118 0
255 111 0
255 105 0
255 99 0
255 93 0
255 86 0
255 80 0
255 74 0
255 67 0
255 61 0
255 55 0
255 49 0
255 42 0
255 36 0
255 30 0
255 24 0
255 17 0
255 11 0
255 5 0
255 1 1
255 8 8
255 16 16
255 24 24
255 31 31
255 39 39
255 47 47
255 55 55
255 62 62
255 70 70
255 78 78
255 85 85
255 93 93
255 101 101
255 108 108
255 116 116
255 124 124
255 131 131
255 139 139
255 147 147
255 155 155
255 162 162
255 170 170
255 178 178
255 185 185
255 193 193
255 201 201
255 208 208
255 216 216
255 224 224
255 231 231
255 239 239
255 247 247
255 255 255
