0 0 0
6 9 198
6 12 199
6 13 198
6 16 200
6 19 201
6 20 199
6 22 201
6 25 201
6 26 201
6 29 201
6 31 200
6 33 202
6 36 202
6 38 202
6 40 203
6 43 204
6 45 204
6 47 204
6 50 204
6 53 205
6 54 206
6 57 206
6 58 207
6 60 206
6 63 208
6 64 206
6 67 208
6 70 209
6 71 209
6 74 209
6 76 208
6 79 210
6 81 209
6 83 209
6 85 210
6 87 211
6 90 212
6 91 212
6 93 212
6 97 212
6 99 213
6 101 212
6 103 213
6 105 214
6 107 215
6 110 215
6 112 216
6 113 215
6 115 215
6 119 214
6 120 215
6 123 217
6 125 217
6 128 217
6 130 218
6 132 217
6 133 218
6 137 217
6 139 218
6 141 217
6 143 219
6 145 220
6 148 220
6 149 220
6 151 220
6 154 221
6 157 222
6 160 222
6 161 223
6 163 222
6 166 221
6 167 222
6 170 222
6 171 222
6 173 223
6 176 224
6 178 224
6 181 226
6 183 225
6 185 226
6 187 225
6 190 227
6 192 228
6 194 227
6 196 228
6 199 228
6 201 229
6 203 228
6 206 230
6 208 230
6 209 229
6 212 229
6 216 231
6 216 230
6 218 230
6 222 230
6 223 231
6 226 232
6 227 232
6 230 233
6 231 234
6 233 233
6 234 230
14 233 228
23 233 227
33 232 224
43 231 224
51 232 223
62 232 223
73 232 221
80 232 217
90 230 216
99 231 213
109 231 212
118 231 212
128 231 208
139 230 207
145 230 206
157 230 204
166 230 202
175 230 201
185 229 199
194 228 197
204 228 196
212 229 193
223 228 192
231 229 189
233 228 184
233 229 176
234 229 168
233 229 160
233 230 152
234 230 146
234 230 136
233 230 128
233 230 121
233 230 111
234 230 105
234 231 97
233 230 88
235 231 81
234 232 74
233 231 66
234 232 60
234 232 50
233 232 43
232 232 34
234 233 27
233 233 18
233 234 11
234 233 6
234 234 6
234 232 6
233 230 6
232 228 6
234 225 6
233 223 6
233 221 6
232 218 6
231 216 6
231 214 6
231 211 6
232 208 6
232 206 6
231 204 6
231 202 6
231 199 6
230 196 6
230 193 6
230 191 6
229 190 6
228 187 6
229 185 6
230 183 6
229 180 6
229 179 6
227 175 6
229 173 6
227 170 6
228 169 6
228 166 6
228 164 6
227 161 6
228 159 6
226 157 6
226 155 6
226 152 6
226 150 6
227 148 6
226 145 6
225 143 6
226 140 6
225 136 6
226 135 6
225 133 6
224 130 6
224 129 8
224 126 7
223 124 6
225 121 8
224 119 9
223 116 8
223 114 9
222 111 9
222 109 10
222 106 11
223 104 12
221 102 11
221 101 12
221 97 11
222 95 12
222 93 13
221 90 12
220 88 13
220 85 12
220 83 14
219 80 15
220 80 15
220 77 16
220 74 15
219 71 15
220 70 16
219 66 17
219 64 17
219 62 17
218 60 19
217 58 18
219 56 18
218 52 18
219 50 19
217 48 19
217 46 20
218 43 20
216 41 21
216 38 21
216 36 22
216 34 22
215 31 22
216 29 22
215 26 23
214 24 23
215 22 23
215 19 24
213 16 23
215 14 25
213 11 24
214 9 26
213 8 25
213 6 26
213 6 28
212 6 26
212 6 28
213 6 30
213 6 31
213 6 32
